optimal plane: 0.307993 0.243538 0.138859 0.159062 0.043794 0.861538 0.568438 0.740532 0.526841 0.216620 b: 0.631458
radius: 1.000000
margin: 0.100000
totalNum: 5000000
noiseNum: 50000
center: 1.000000 1.000000 1.000000 1.000000 1.000000 1.000000 1.000000 1.000000 1.000000 -19.490561
