optimal plane: 0.309671 0.819819 0.406751 0.643117 0.395001 0.898709 0.183172 0.221870 0.093020 0.027009 b: 0.554704
radius: 5.000000
margin: 0.100000
totalNum: 5000000
noiseNum: 50000
center: 1.000000 1.000000 1.000000 1.000000 1.000000 1.000000 1.000000 1.000000 1.000000 -167.568362
