optimal plane: 0.318644 0.341166 0.472182 0.734977 0.724845 b: 0.683798
radius: 5.000000
margin: 0.100000
totalNum: 5000000
noiseNum: 50000
center: 1.000000 1.000000 1.000000 1.000000 -3.519052
