optimal plane: 0.327128 0.222480 0.811731 0.155065 0.480758 b: 0.869716
radius: 1.000000
margin: 0.100000
totalNum: 5000000
noiseNum: 50000
center: 1.000000 1.000000 1.000000 1.000000 -4.963245
