optimal plane: 0.273812 b: 0.734275
radius: 1.000000
margin: 0.100000
totalNum: 100
noiseNum: 1
center: -2.681676
