optimal plane: 0.262032 0.028443 0.814936 0.621876 0.932157 0.617908 0.780602 0.923215 0.231819 0.711386 b: 0.712302
radius: 5.000000
margin: 0.100000
totalNum: 1000000
noiseNum: 10000
center: 1.000000 1.000000 1.000000 1.000000 1.000000 1.000000 1.000000 1.000000 1.000000 -8.329215
