optimal plane: 0.304910 0.075045 0.238533 0.394116 0.285745 0.146641 0.623920 0.509873 0.906156 0.032960 b: 0.771386
radius: 1.000000
margin: 0.100000
totalNum: 1000000
noiseNum: 10000
center: 1.000000 1.000000 1.000000 1.000000 1.000000 1.000000 1.000000 1.000000 1.000000 -129.136111
