optimal plane: 0.301126 0.610492 0.522050 0.488662 0.324259 b: 0.592944
radius: 5.000000
margin: 0.100000
totalNum: 1000000
noiseNum: 10000
center: 1.000000 1.000000 1.000000 1.000000 -7.756988
