optimal plane: 0.299509 0.362224 0.799310 0.739006 0.287851 b: 0.675619
radius: 1.000000
margin: 0.100000
totalNum: 1000000
noiseNum: 10000
center: 1.000000 1.000000 1.000000 1.000000 -9.990140
