optimal plane: 0.361217 0.403729 0.260292 0.304147 0.134098 0.853023 0.290139 0.036500 0.606098 0.025330 0.221107 0.261055 0.796136 0.116398 0.208808 b: 0.782952
radius: 1.000000
margin: 0.100000
totalNum: 10000000
noiseNum: 100000
center: 1.000000 1.000000 1.000000 1.000000 1.000000 1.000000 1.000000 1.000000 1.000000 1.000000 1.000000 1.000000 1.000000 1.000000 -26.111225
