optimal plane: 0.343883 0.329051 0.400494 0.526536 0.363109 0.001831 0.762841 0.580523 0.928587 0.671957 b: 0.006500
radius: 5.000000
margin: 0.100000
totalNum: 10000000
noiseNum: 100000
center: 1.000000 1.000000 1.000000 1.000000 1.000000 1.000000 1.000000 1.000000 1.000000 -6.314924
