optimal plane: 0.329112 0.782800 0.715171 0.842158 0.776299 0.266366 0.705130 0.801874 0.352306 0.440321 b: 0.674551
radius: 1.000000
margin: 0.100000
totalNum: 10000000
noiseNum: 100000
center: 1.000000 1.000000 1.000000 1.000000 1.000000 1.000000 1.000000 1.000000 1.000000 -14.184572
