optimal plane: 0.567095 0.083377 0.584094 0.479629 0.460982 0.430647 0.528031 0.473861 0.650594 0.393872 0.895749 0.038148 0.637104 0.350932 0.409497 b: 0.937742
radius: 1.000000
margin: 0.100000
totalNum: 10000000
noiseNum: 100000
center: 1.000000 1.000000 1.000000 1.000000 1.000000 1.000000 1.000000 1.000000 1.000000 1.000000 1.000000 1.000000 1.000000 1.000000 -18.344090
