optimal plane: 0.341075 0.144627 0.135685 0.964660 0.549394 b: 0.646504
radius: 1.000000
margin: 0.100000
totalNum: 10000000
noiseNum: 100000
center: 1.000000 1.000000 1.000000 1.000000 -4.063660
