optimal plane: 0.348857 0.729820 0.659078 0.244240 0.101901 b: 0.993591
radius: 5.000000
margin: 0.100000
totalNum: 10000000
noiseNum: 100000
center: 1.000000 1.000000 1.000000 1.000000 -29.200659
